0.000000
0.011697
-0.015214
0.016090
0.058589
-0.098622
0.071088
0.127212
-0.039312
0.079047
-0.053884
0.110098
0.175030
0.047512
0.128156
0.204358
0.218750
0.238823
0.262982
0.283906
0.302312
-0.030545
0.223898
0.313058
0.175059
0.248269
0.370173
0.373427
0.366975
-0.048055
0.267487
-0.090254
-0.311571
-0.253564
-0.327513
0.088310
0.219537
-0.280312
0.264252
-0.144094
0.192234
0.338825
0.286658
0.374619
-0.190141
0.318684
0.383180
0.301558
0.380506
0.422672
-0.213351
0.334258
-0.252077
-0.399198
0.347096
0.317031
-0.369608
0.365561
0.439638
0.306814
-0.294483
0.385400
0.464369
0.332426
0.412156
0.459016
-0.280568
-0.367306
-0.348770
0.322342
-0.382199
0.293124
0.468263
0.374381
-0.347983
-0.405246
-0.371506
0.362465
0.429261
0.390662
0.445790
0.452963
0.461638
0.462565
-0.363768
0.384933
0.503615
0.417643
0.460833
-0.377987
-0.455862
0.430494
0.471440
0.422849
-0.401950
0.387777
0.523664
-0.435777
0.396521
-0.365954
0.377395
-0.381128
0.385394
-0.390655
0.397214
-0.402891
0.408254
0.491176
0.445483
0.472752
-0.438653
-0.454769
0.467766
-0.422501
0.420510
0.477670
0.456564
-0.440124
0.436943
-0.412642
0.444357
0.493534
0.455109
-0.447163
0.446063
0.515351
0.473537
0.478102
0.474716
-0.438769
0.468797
-0.437781
-0.487040
0.482122
0.473996
0.479178
-0.482069
0.461867
0.516922
0.477944
0.486342
0.477422
-0.449722
0.476223
-0.448281
-0.491917
-0.469400
-0.498698
-0.477371
0.456449
0.484178
0.471467
0.483571
-0.481621
0.483715
0.509810
-0.480275
0.482814
0.491812
-0.478386
0.486089
-0.478218
-0.496146
0.501742
0.477787
0.494745
-0.489069
-0.503700
0.502805
0.498917
-0.484294
-0.504863
-0.486993
0.490740
0.503372
0.470671
0.490944
0.485926
0.505114
0.499600
-0.476630
0.484426
-0.464893
0.475302
0.517724
0.470890
-0.468605
0.468194
0.518639
0.491016
0.505027
0.481828
0.508752
0.501617
0.501442
0.501854
0.501696
0.501551
0.501419
0.501298
0.501188
-0.480839
0.490423
0.511466
0.491230
0.505174
0.480544
-0.475705
0.491156
0.511095
-0.492439
0.498185
-0.493659
0.489145
-0.470068
-0.519708
0.512897
0.480888
0.503780
0.482700
-0.498616
0.499782
0.509252
0.494433
-0.479915
0.473960
0.517592
0.494205
0.504694
0.481403
0.509967
-0.484832
-0.491414
-0.483591
-0.491080
0.501782
0.487914
-0.502034
0.485337
0.494234
-0.488913
0.502155
0.490438
0.501538
0.508940
-0.508354
0.502797
0.511802
0.494793
0.508635
-0.507143
0.502388
0.510548
0.494968
0.507932
0.481987
0.510005
-0.486191
0.495787
0.510575
0.495439
-0.481547
-0.513920
0.511676
0.502330
-0.488889
0.481557
-0.494916
0.496137
0.513446
0.473543
0.513991
0.481703
-0.480220
0.499334
-0.482159
-0.498165
0.510974
0.482088
0.508885
0.485745
0.489394
0.511302
0.503569
0.503725
0.503960
-0.488731
-0.493658
0.506413
-0.488063
0.499448
-0.498137
0.478455
0.520455
0.476142
0.514361
-0.511454
0.506464
-0.484018
-0.496588
0.508950
-0.509895
0.507349
0.490650
0.484532
-0.478974
0.477705
0.513952
0.499903
0.507649
0.482316
0.510136
0.503424
0.503278
-0.489228
-0.492865
-0.488488
0.501057
0.509065
0.483166
-0.500082
0.484563
0.513537
0.499343
0.507649
0.482316
-0.482931
0.499788
-0.485413
0.496681
-0.480481
-0.517908
0.515247
-0.510310
0.506788
-0.502417
0.480895
0.518469
-0.515247
0.510310
-0.506788
0.502417
0.512172
0.478234
0.514507
0.481902
0.509575
0.503424
0.503278
0.503839
0.503839
0.503839
-0.489228
-0.492865
0.504579
-0.488373
0.501052
0.491064
0.485092
-0.478974
0.477705
0.513952
0.499903
-0.485418
0.478680
0.514512
0.499903
-0.485418
0.478680
0.514512
-0.493164
0.504012
-0.506374
0.502978
0.512172
-0.514833
0.510870
0.486279
-0.487013
0.504159
0.486132
0.506615
0.507795
0.481756
-0.482931
0.499788
0.507654
0.500317
-0.484857
0.478680
-0.478555
0.496267
-0.481041
-0.517908
-0.477820
0.479121
-0.478265
0.479115
0.496800
0.484678
0.513532
0.481341
-0.483492
-0.493279
0.504018
0.504694
0.504689
0.486687
0.488613
0.509722
0.502864
0.503278
-0.489228
-0.492865
0.504579
0.504694
0.504689
-0.506380
0.484977
-0.478969
0.495706
0.512026
0.478795
0.514507
0.481902
0.509575
0.503424
0.503278
0.503839
-0.489228
0.500202
0.508215
0.500317
0.508210
-0.510751
-0.486568
-0.488903
0.500497
0.509065
0.483166
0.492985
0.488199
-0.483906
0.499227
-0.485413
0.496681
0.512586
0.478795
0.514507
0.481902
0.509575
-0.489643
-0.493426
0.504579
0.504694
-0.488378
-0.510016
0.489353
-0.482490
0.500077
-0.502564
0.481456
-0.474598
0.474184
-0.474744
-0.518323
-0.478381
0.479121
0.514802
0.482752
0.492424
0.488199
0.509161
0.502864
0.503278
0.503839
-0.489228
0.500202
-0.484852
-0.496386
0.508950
0.483172
0.510986
0.486273
0.488053
0.509722
0.502864
0.503278
0.503839
0.503839
-0.489228
0.500202
0.508215
0.500317
0.508210
-0.510751
-0.486568
-0.488903
0.500497
0.509065
0.483166
0.492985
0.488199
0.509161
0.502864
0.503278
0.503839
0.503839
-0.489228
-0.492865
-0.488488
-0.492010
0.505428
0.487543
0.489463
0.492570
0.487639
0.509161
0.502864
0.503278
-0.489228
-0.492865
0.504579
-0.488373
0.501052
0.491064
0.485092
0.514093
-0.511726
0.505939
0.507801
0.499757
-0.484857
-0.514387
0.510876
-0.488787
-0.492576
0.487427
0.489469
0.510571
0.485712
0.488053
0.509722
0.502864
0.503278
0.503839
0.503839
-0.489228
-0.492865
0.504579
0.504694
0.504689
0.486687
0.488613
0.509722
-0.490203
0.499641
-0.484852
0.496681
0.512586
0.478795
0.514507
0.481902
0.509575
0.503424
0.503278
0.503839
0.503839
0.503839
-0.489228
0.500202
0.508215
0.500317
0.508210
0.482316
-0.482931
-0.493279
0.504018
0.504694
0.504689
0.486687
-0.504454
0.506085
-0.485827
-0.496947
-0.484117
0.479535
0.515362
-0.510315
0.488787
-0.500491
-0.491064
0.507975
0.482611
0.510986
0.486273
0.488053
0.509722
0.502864
0.503278
0.503839
0.503839
0.503839
0.503839
0.503839
-0.489228
0.500202
0.508215
0.500317
0.508210
0.482316
0.510136
-0.489643
0.499641
-0.484852
0.496681
0.512586
0.478795
0.514507
0.481902
0.509575
0.503424
0.503278
0.503839
-0.489228
0.500202
0.508215
0.500317
0.508210
-0.510751
0.506499
0.507801
-0.493310
0.504573
0.486693
-0.486452
0.504159
-0.506935
-0.490089
-0.484532
-0.514093
-0.481341
-0.509575
0.489643
-0.499641
0.484852
0.496386
0.484117
0.513532
0.481341
-0.483492
0.499788
0.507654
0.500317
0.508210
-0.510751
0.506499
0.507801
0.499757
-0.484857
0.478680
-0.478555
-0.496800
-0.484678
-0.513532
0.511726
0.487128
-0.504164
0.488934
0.492015
0.505640
0.507235
0.481756
0.510136
0.503424
0.503278
0.503839
0.503839
-0.489228
0.500202
-0.484852
-0.496386
0.508950
-0.509895
-0.485718
0.487013
0.488908
0.510571
-0.507355
0.484416
0.514098
0.499343
0.507649
0.482316
-0.482931
-0.493279
0.504018
0.504694
0.504689
-0.506380
0.484977
0.514098
0.499343
0.507649
0.482316
0.510136
0.503424
-0.489789
-0.492865
-0.488488
-0.492010
0.505428
0.487543
0.489463
-0.500497
0.484002
0.513537
0.499343
0.507649
-0.510751
0.506499
0.507801
0.499757
-0.484857
0.478680
-0.478555
-0.496800
-0.484678
0.479535
-0.477705
0.479115
-0.496267
0.481041
-0.475159
-0.518883
-0.478381
-0.513946
0.511165
0.487128
0.488903
-0.500497
0.484002
-0.479530
0.495706
-0.481041
0.475159
0.518883
0.478381
-0.479121
-0.514802
0.510315
0.504280
0.504128
-0.506380
0.484977
-0.478969
0.495706
0.512026
-0.514272
-0.482197
0.482642
0.510430
0.504274
0.486127
0.488613
0.509722
-0.490203
0.499641
0.508215
-0.492750
-0.488494
0.483056
0.510991
0.504274
-0.506940
-0.508090
0.510461
0.503719
0.504128
0.486687
0.488613
-0.483345
-0.493840
-0.489049
0.501057
0.509065
0.483166
-0.500082
0.484563
-0.479530
-0.497361
0.508389
-0.509895
0.507349
0.490650
0.484532
0.514093
-0.511726
0.505939
0.507801
0.499757
-0.484857
0.478680
0.514512
0.499903
0.507649
0.482316
0.510136
-0.489643
-0.493426
0.504579
-0.488373
0.501052
0.491064
-0.507975
0.510456
0.485718
-0.487013
0.504159
0.486132
0.506615
-0.485272
0.478119
-0.478555
0.496267
-0.481041
-0.517908
0.515247
-0.510310
0.506788
0.490650
0.484532
0.514093
0.481341
0.509575
0.503424
-0.489789
0.500202
-0.484852
-0.496386
0.508950
0.483172
0.510986
0.486273
-0.505014
-0.486982
0.503604
0.504133
0.504689
0.486687
-0.504454
-0.486982
0.503604
0.504133
-0.488378
-0.510016
-0.503714
0.506940
0.508090
0.482606
-0.500082
0.484563
-0.479530
-0.497361
-0.484678
-0.513532
0.511726
-0.505939
0.485266
0.496947
0.484117
-0.479535
0.477705
0.513952
0.499903
-0.485418
-0.514387
-0.482191
0.500643
0.508504
0.483166
-0.500082
-0.508504
0.509901
0.503719
-0.488939
0.483051
0.492990
-0.486867
0.503598
0.486132
0.506615
0.507795
0.481756
-0.482931
-0.493279
-0.489049
0.501057
0.509065
-0.509901
0.489348
-0.500491
0.502003
0.511611
0.478234
-0.478560
-0.514802
0.510315
0.504280
-0.488939
0.483051
0.492990
0.506200
0.507235
-0.511311
-0.486568
-0.488903
0.500497
0.509065
0.483166
0.492985
0.488199
0.509161
0.502864
0.503278
0.503839
0.503839
-0.489228
0.500202
0.508215
-0.492750
-0.488494
0.483056
-0.482076
-0.492429
0.486867
0.489469
0.510571
0.485712
-0.505014
0.506085
0.507240
0.499757
-0.484857
0.478680
0.514512
-0.493164
0.504012
0.486693
0.506615
0.507795
0.481756
-0.482931
0.499788
0.507654
0.500317
-0.484857
0.478680
0.514512
0.499903
0.507649
-0.510751
0.506499
-0.485266
0.496120
0.512586
0.478795
0.514507
0.481902
0.509575
-0.489643
0.499641
-0.484852
0.496681
0.512586
0.478795
0.514507
0.481902
0.509575
0.503424
-0.489789
0.500202
0.508215
-0.492750
0.504573
0.486693
0.506615
-0.485272
-0.514948
-0.482191
0.500643
-0.484563
0.479530
0.497361
0.484678
0.513532
0.481341
0.509575
0.503424
-0.489789
0.500202
-0.484852
0.496681
-0.480481
0.475159
-0.474184
-0.518323
0.514686
0.482757
0.510425
0.486273
0.488053
-0.483345
0.499227
0.507654
0.500317
0.508210
0.482316
0.510136
0.503424
0.503278
-0.489228
0.500202
0.508215
0.500317
0.508210
0.482316
-0.482931
0.499788
-0.485413
0.496681
0.512586
-0.514272
0.510870
-0.506788
0.502417
0.512172
0.478234
0.514507
0.481902
0.509575
-0.489643
0.499641
-0.484852
-0.496386
-0.484117
0.479535
0.515362
-0.510315
0.488787
0.492576
0.505640
0.507235
0.481756
0.510136
0.503424
0.503278
0.503839
-0.489228
0.500202
0.508215
0.500317
0.508210
0.482316
0.510136
0.503424
0.503278
0.503839
-0.489228
0.500202
0.508215
-0.492750
0.504573
0.486693
0.506615
-0.485272
-0.514948
-0.482191
0.500643
0.508504
0.483166
0.492985
0.488199
-0.483906
0.499227
0.507654
0.500317
-0.484857
-0.514387
0.510876
0.504280
0.504128
-0.506380
-0.508090
0.510461
0.503719
0.504128
-0.506380
-0.508090
-0.482606
0.500082
-0.484563
0.479530
-0.495706
-0.512026
0.514272
0.482197
-0.482642
-0.510430
0.488793
-0.482490
0.500077
0.490503
0.485092
-0.478974
-0.515362
0.510315
0.504280
0.504128
0.486687
0.488613
-0.483345
0.499227
0.507654
0.500317
0.508210
0.482316
-0.482931
0.499788
-0.485413
0.496681
0.512586
0.478795
0.514507
0.481902
0.509575
-0.489643
0.499641
0.508215
0.500317
0.508210
0.482316
0.510136
0.503424
0.503278
0.503839
0.503839
0.503839
0.503839
0.503839
-0.489228
0.500202
0.508215
-0.492750
-0.488494
0.483056
0.510991
0.504274
0.486127
-0.504454
0.506085
0.507240
-0.493310
0.504573
0.486693
0.506615
0.507795
-0.511311
0.506499
-0.485266
0.496120
-0.480481
0.475159
0.518883
0.478381
0.513946
-0.511165
0.505939
0.507801
-0.493310
0.504573
-0.506374
0.502978
0.512172
0.478234
0.514507
0.481902
0.509575
-0.489643
-0.493426
0.504579
-0.488373
0.501052
-0.502003
-0.511611
0.514833
-0.510870
-0.486279
0.487013
-0.504159
0.506935
-0.502978
0.480895
0.518469
-0.515247
-0.482757
0.482642
0.510430
0.504274
0.486127
0.488613
-0.483345
-0.493840
-0.489049
0.501057
0.509065
0.483166
0.492985
0.488199
-0.483906
0.499227
0.507654
-0.492750
0.504573
0.486693
0.506615
0.507795
0.481756
0.510136
0.503424
-0.489789
0.500202
0.508215
0.500317
-0.484857
-0.514387
0.510876
0.504280
0.504128
0.486687
0.488613
-0.483345
-0.493840
0.504018
0.504694
0.504689
0.486687
-0.504454
0.506085
0.507240
0.499757
0.508210
0.482316
0.510136
0.503424
0.503278
0.503839
0.503839
0.503839
0.503839
0.503839
0.503839
0.503839
0.503839
0.503839
0.503839
0.503839
0.503839
-0.489228
0.500202
-0.484852
0.496681
0.512586
0.478795
0.514507
0.481902
0.509575
0.503424
0.503278
0.503839
0.503839
0.503839
-0.489228
0.500202
0.508215
0.500317
0.508210
0.482316
-0.482931
0.499788
0.507654
0.500317
0.508210
0.482316
0.510136
-0.489643
0.499641
0.508215
-0.492750
0.504573
0.486693
0.506615
-0.485272
0.478119
0.514512
0.499903
0.507649
0.482316
0.510136
0.503424
0.503278
0.503839
0.503839
0.503839
0.503839
0.503839
-0.489228
0.500202
0.508215
0.500317
0.508210
-0.510751
0.506499
-0.485266
0.496120
0.512586
0.478795
0.514507
0.481902
0.509575
0.503424
0.503278
0.503839
0.503839
0.503839
0.503839
-0.489228
-0.492865
-0.488488
0.501057
-0.484002
-0.513537
0.493724
-0.504012
-0.486693
0.486452
0.488908
0.510571
0.485712
0.488053
-0.483345
0.499227
0.507654
-0.492750
0.504573
0.486693
-0.486452
0.504159
0.486132
0.506615
0.507795
-0.511311
-0.486568
0.504164
0.504133
0.504689
0.486687
0.488613
0.509722
-0.490203
0.499641
0.508215
0.500317
0.508210
0.482316
0.510136
0.503424
0.503278
0.503839
-0.489228
0.500202
0.508215
0.500317
0.508210
0.482316
0.510136
0.503424
0.503278
0.503839
0.503839
0.503839
0.503839
0.503839
0.503839
0.503839
-0.489228
-0.492865
0.504579
0.504694
-0.488378
-0.510016
0.489353
-0.482490
0.500077
-0.502564
0.481456
0.518469
-0.515247
0.510310
-0.506788
0.502417
0.512172
-0.514833
-0.482197
0.482642
0.510430
0.504274
0.486127
0.488613
-0.483345
0.499227
-0.485413
0.496681
0.512586
0.478795
-0.478560
0.478265
0.513952
0.499903
0.507649
0.482316
-0.482931
-0.493279
0.504018
0.504694
0.504689
-0.506380
0.484977
0.514098
-0.493724
0.504012
0.486693
0.506615
0.507795
0.481756
0.510136
0.503424
0.503278
0.503839
0.503839
-0.489228
-0.492865
0.504579
0.504694
0.504689
-0.506380
0.484977
0.514098
0.499343
0.507649
0.482316
-0.482931
0.499788
-0.485413
-0.496386
-0.484117
-0.513532
-0.481341
-0.509575
0.489643
-0.499641
0.484852
0.496386
-0.508950
0.509895
-0.507349
0.502417
-0.480895
0.474598
-0.474184
-0.518323
-0.478381
-0.513946
-0.481902
0.483492
0.493279
0.489049
0.492010
0.487639
0.509161
0.502864
-0.489789
-0.492865
0.504579
-0.488373
-0.492015
0.487427
0.489469
0.510571
0.485712
-0.505014
0.506085
0.507240
0.499757
0.508210
-0.510751
0.506499
-0.485266
-0.496947
0.508950
0.483172
0.510986
-0.506794
0.484416
0.514098
0.499343
0.507649
-0.510751
0.506499
0.507801
0.499757
-0.484857
0.478680
0.514512
0.499903
-0.485418
-0.514387
0.510876
0.504280
0.504128
-0.506380
0.484977
-0.478969
0.495706
-0.481041
0.475159
0.518883
0.478381
0.513946
0.481902
-0.483492
-0.493279
-0.489049
0.501057
0.509065
0.483166
0.492985
-0.504868
0.505524
0.507240
0.499757
0.508210
0.482316
0.510136
-0.489643
0.499641
0.508215
-0.492750
-0.488494
0.483056
0.510991
0.504274
0.486127
-0.504454
-0.486982
0.503604
-0.488934
0.501052
0.491064
0.485092
0.514093
0.481341
-0.483492
0.499788
0.507654
0.500317
0.508210
0.482316
0.510136
0.503424
0.503278
-0.489228
-0.492865
0.504579
-0.488373
0.501052
0.491064
-0.507975
-0.482611
0.482081
0.510430
0.504274
-0.506940
-0.508090
0.510461
0.503719
-0.488939
0.483051
-0.500077
0.502564
-0.481456
0.474598
0.518883
-0.514686
0.510310
0.486279
-0.487013
0.504159
0.486132
-0.486452
0.504159
0.486132
0.506615
0.507795
-0.511311
0.506499
-0.485266
0.496120
0.512586
0.478795
0.514507
-0.511165
-0.487128
0.504164
0.504133
0.504689
0.486687
-0.504454
0.506085
0.507240
0.499757
0.508210
-0.510751
0.506499
0.507801
-0.493310
0.504573
0.486693
0.506615
0.507795
0.481756
0.510136
0.503424
0.503278
0.503839
-0.489228
-0.492865
0.504579
0.504694
0.504689
0.486687
0.488613
-0.483345
0.499227
0.507654
0.500317
0.508210
-0.510751
0.506499
0.507801
0.499757
-0.484857
0.478680
-0.478555
0.496267
-0.481041
0.475159
0.518883
0.478381
0.513946
-0.511165
-0.487128
-0.488903
0.500497
0.509065
-0.509901
-0.503719
0.488939
0.510016
0.503714
-0.506940
-0.508090
0.510461
0.503719
0.504128
0.486687
-0.504454
0.506085
0.507240
0.499757
-0.484857
0.478680
0.514512
-0.493164
0.504012
0.486693
-0.486452
-0.488908
0.482496
0.510991
-0.488793
0.482490
-0.500077
0.502564
0.511611
0.478234
0.514507
0.481902
0.509575
0.503424
-0.489789
0.500202
0.508215
-0.492750
0.504573
0.486693
-0.486452
0.504159
0.486132
0.506615
-0.485272
0.478119
0.514512
0.499903
0.507649
0.482316
0.510136
0.503424
-0.489789
0.500202
0.508215
0.500317
0.508210
0.482316
0.510136
-0.489643
0.499641
0.508215
0.500317
0.508210
0.482316
0.510136
0.503424
0.503278
-0.489228
0.500202
-0.484852
0.496681
-0.480481
-0.517908
0.515247
-0.510310
-0.486279
-0.506054
-0.507795
0.511311
0.486568
0.488903
0.492570
-0.505428
0.505524
0.507240
0.499757
0.508210
0.482316
0.510136
0.503424
0.503278
0.503839
0.503839
0.503839
0.503839
0.503839
0.503839
0.503839
0.503839
0.503839
0.503839
0.503839
0.503839
-0.489228
-0.492865
-0.488488
-0.492010
0.505428
-0.505524
0.485827
0.496947
-0.508950
-0.483172
0.482081
-0.482637
0.500638
0.490503
0.485092
0.514093
-0.511726
-0.487128
-0.488903
0.500497
0.509065
0.483166
0.492985
0.488199
0.509161
-0.490203
-0.493426
0.504579
0.504694
0.504689
0.486687
0.488613
0.509722
-0.490203
0.499641
0.508215
0.500317
0.508210
0.482316
-0.482931
0.499788
0.507654
0.500317
0.508210
-0.510751
-0.486568
-0.488903
0.500497
-0.484002
0.479530
0.497361
0.484678
0.513532
-0.511726
0.505939
0.507801
-0.493310
0.504573
0.486693
-0.486452
0.504159
0.486132
-0.486452
-0.488908
0.482496
0.510991
0.504274
0.486127
-0.504454
0.506085
-0.485827
-0.496947
-0.484117
0.479535
0.515362
0.482752
0.492424
-0.504868
0.505524
0.507240
0.499757
0.508210
0.482316
-0.482931
0.499788
0.507654
0.500317
0.508210
0.482316
0.510136
0.503424
0.503278
-0.489228
0.500202
0.508215
-0.492750
0.504573
-0.506374
-0.490089
0.508535
-0.510456
-0.485718
0.487013
0.488908
0.510571
0.485712
-0.505014
-0.486982
-0.489463
0.500497
0.509065
-0.509901
0.489348
0.492576
0.505640
0.507235
-0.511311
-0.486568
0.504164
-0.488934
0.501052
0.491064
0.485092
0.514093
0.481341
-0.483492
0.499788
-0.485413
0.496681
0.512586
0.478795
0.514507
-0.511165
0.505939
-0.485266
0.496120
0.512586
0.478795
0.514507
0.481902
-0.483492
0.499788
-0.485413
0.496681
-0.480481
0.475159
0.518883
0.478381
0.513946
0.481902
0.509575
0.503424
0.503278
0.503839
-0.489228
0.500202
0.508215
0.500317
-0.484857
0.478680
-0.478555
0.496267
0.512026
0.478795
0.514507
0.481902
0.509575
-0.489643
-0.493426
-0.488488
-0.492010
-0.487639
0.483906
-0.499227
0.485413
-0.496681
0.480481
-0.475159
0.474184
-0.474744
-0.518323
0.514686
0.482757
-0.482642
0.482637
0.492429
0.506200
0.507235
0.481756
-0.482931
0.499788
0.507654
0.500317
0.508210
0.482316
0.510136
0.503424
0.503278
-0.489228
-0.492865
0.504579
0.504694
0.504689
-0.506380
0.484977
0.514098
-0.493724
0.504012
0.486693
-0.486452
0.504159
0.486132
0.506615
0.507795
-0.511311
0.506499
0.507801
-0.493310
0.504573
0.486693
